LL之前
 3                                                                                                                                                                                                      
2                                                                                                                                                                                                       
1                                                                                                                                                                                                       
                                                                                                                                                                                                        
                                                                                                                                                                                                        
                                                                                                                                                                                                        
LL之后
 2                                                                                                                                                                                                      
1 3                                                                                                                                                                                                     
                                                                                                                                                                                                        
                                                                                                                                                                                                        
                                                                                                                                                                                                        
                                                                                                                                                                                                        
RR之前
 3                                                                                                                                                                                                      
  4                                                                                                                                                                                                     
  5                                                                                                                                                                                                     
                                                                                                                                                                                                        
                                                                                                                                                                                                        
                                                                                                                                                                                                        
RR之后
 4                                                                                                                                                                                                      
3 5                                                                                                                                                                                                     
                                                                                                                                                                                                        
                                                                                                                                                                                                        
                                                                                                                                                                                                        
                                                                                                                                                                                                        
RR之前
   2                                                                                                                                                                                                    
 1   4                                                                                                                                                                                                  
    3 5                                                                                                                                                                                                 
      6                                                                                                                                                                                                 
                                                                                                                                                                                                        
                                                                                                                                                                                                        
RR之后
   4                                                                                                                                                                                                    
 2   5                                                                                                                                                                                                  
1 3   6                                                                                                                                                                                                 
                                                                                                                                                                                                        
                                                                                                                                                                                                        
                                                                                                                                                                                                        
RR之前
 5                                                                                                                                                                                                      
  6                                                                                                                                                                                                     
  7                                                                                                                                                                                                     
                                                                                                                                                                                                        
                                                                                                                                                                                                        
                                                                                                                                                                                                        
RR之后
 6                                                                                                                                                                                                      
5 7                                                                                                                                                                                                     
                                                                                                                                                                                                        
                                                                                                                                                                                                        
                                                                                                                                                                                                        
                                                                                                                                                                                                        
RL之前
 7                                                                                                                                                                                                      
 16                                                                                                                                                                                                      
 15                                                                                                                                                                                                      
                                                                                                                                                                                                        
                                                                                                                                                                                                        
                                                                                                                                                                                                        
RL之后
 15                                                                                                                                                                                                      
7 16                                                                                                                                                                                                     
                                                                                                                                                                                                        
                                                                                                                                                                                                        
                                                                                                                                                                                                        
                                                                                                                                                                                                        
RL之前
   6                                                                                                                                                                                                    
 5  15                                                                                                                                                                                                   
    716                                                                                                                                                                                                  
    14                                                                                                                                                                                                   
                                                                                                                                                                                                        
                                                                                                                                                                                                        
RL之后
   7                                                                                                                                                                                                    
 6   15                                                                                                                                                                                                  
5   14 16                                                                                                                                                                                                 
                                                                                                                                                                                                        
                                                                                                                                                                                                        
                                                                                                                                                                                                        
RR之前
       4                                                                                                                                                                                                
   2       7                                                                                                                                                                                            
 1   3   6  15                                                                                                                                                                                           
        5  14 16                                                                                                                                                                                          
           13                                                                                                                                                                                            
                                                                                                                                                                                                        
RR之后
       7                                                                                                                                                                                                
   4       15                                                                                                                                                                                            
 2   6   14   16                                                                                                                                                                                          
1 3 5   13                                                                                                                                                                                               
                                                                                                                                                                                                        
                                                                                                                                                                                                        
LL之前
 14                                                                                                                                                                                                      
13                                                                                                                                                                                                       
12                                                                                                                                                                                                       
                                                                                                                                                                                                        
                                                                                                                                                                                                        
                                                                                                                                                                                                        
LL之后
 13                                                                                                                                                                                                      
12 14                                                                                                                                                                                                     
                                                                                                                                                                                                        
                                                                                                                                                                                                        
                                                                                                                                                                                                        
                                                                                                                                                                                                        
LL之前
   15                                                                                                                                                                                                    
 13   16                                                                                                                                                                                                  
12 14                                                                                                                                                                                                     
11                                                                                                                                                                                                       
                                                                                                                                                                                                        
                                                                                                                                                                                                        
LL之后
   13                                                                                                                                                                                                    
 12   15                                                                                                                                                                                                  
11   14 16                                                                                                                                                                                                 
                                                                                                                                                                                                        
                                                                                                                                                                                                        
                                                                                                                                                                                                        
LL之前
 12                                                                                                                                                                                                      
11                                                                                                                                                                                                       
10                                                                                                                                                                                                       
                                                                                                                                                                                                        
                                                                                                                                                                                                        
                                                                                                                                                                                                        
LL之后
 11                                                                                                                                                                                                      
10 12                                                                                                                                                                                                     
                                                                                                                                                                                                        
                                                                                                                                                                                                        
                                                                                                                                                                                                        
                                                                                                                                                                                                        
LR之前
10                                                                                                                                                                                                       
8                                                                                                                                                                                                       
9                                                                                                                                                                                                       
                                                                                                                                                                                                        
                                                                                                                                                                                                        
                                                                                                                                                                                                        
LR之后
 9                                                                                                                                                                                                      
8 10                                                                                                                                                                                                     
                                                                                                                                                                                                        
                                                                                                                                                                                                        
                                                                                                                                                                                                        
                                                                                                                                                                                                        
排序:
1 2 3 4 5 6 7 8 9 10 11 12 13 14 15 16 
               7                                                                                                                                                                                        
       4               13                                                                                                                                                                                
   2       6       11       15                                                                                                                                                                            
 1   3   5       9   12   14   16                                                                                                                                                                          
                8 10                                                                                                                                                                                     
                                                                                                                                                                                                        
删除元素11后
1 2 3 4 5 6 7 8 9 10 12 13 14 15 16 
               7                                                                                                                                                                                        
       4               13                                                                                                                                                                                
   2       6       10       15                                                                                                                                                                            
 1   3   5       9   12   14   16                                                                                                                                                                          
                8                                                                                                                                                                                       
                                                                                                                                                                                                        

10在0x8b7b90
0x8b7b90处:10
